IDStation,NOx
501,64.05502051700132
504,42.040402919323036
514,38.370072407356496
517,14.962472199792899
528,46.45581322468203
529,
531,31.09597135464703
539,49.3227275819169
542,38.78267995895033
544,40.997142823375704
545,18.410533316964
546,39.22420111546287
548,52.78232356612087
551,25.7117347994277
552,19.561881354532137
554,19.68456391875747
558,28.752989390703302
560,35.19281552268763
561,50.345277157630996
564,16.31851282658587
565,22.1383838674865
569,20.649663386483297
571,12.229816634340082
572,15.602696336390535
573,20.2122136736686
574,47.52885329657391
576,46.2097471098445
583,22.993633817344403
584,42.832415824915834
588,31.062568936323203
592,35.031808025025
595,17.07286983735243
596,17.732857743277567
598,19.889384503260867
600,34.92828457663977
604,20.317086411710466
606,52.36506522017633
607,19.084089627336535
608,31.94936595278107
609,28.39764868001043
626,15.514899945322341
627,26.935567607401566
629,36.759161094288565
633,19.051149649412068
642,24.8013443085835
643,36.04563157493577
649,39.74691180163193
652,126.21794783288506
654,24.997144969566033
655,23.713126576472835
656,15.904713906560149
657,15.287465114795133
659,18.736730741712268
661,20.6336346711945
663,26.801634298477136
664,21.212644673703934
665,19.373659244670602
669,28.008128030514033
670,18.026514336917568
672,12.713891851719062
673,16.0952492736993
674,40.849347319347345
677,30.592047817661
679,12.684335204652257
681,14.719128866463
682,17.176272521166865
683,35.82777777777777
685,16.91973772096973
687,17.634448953466634
690,
693,17.808353896540897
695,18.337265059587835
697,10.979362040763
703,12.573205636057693
705,42.61961124774536
706,16.1180312190796
708,15.653223884836834
709,22.225041875747166
1264,16.63720858444187
1265,22.565091099163666
1266,19.9637588061569
1269,18.951197980769532
1274,12.824987669975
1297,14.626637080572879
1374,62.56964956264477
